INFO: 2024-08-19 20:23:13,291: Data
INFO: 2024-08-19 20:23:19,443: Data shape (110527, 14)
INFO: 2024-08-19 20:23:21,783: Percentage of women: 0.653882342398853
INFO: 2024-08-19 20:23:24,418: Percentage of men: 0.346117657601147
ERROR: 2024-08-19 20:26:01,748: Data shape is incorrect!
